[48;5;0m                       [38;5;0;48;5;0m▄[38;5;233;48;5;0m▄[38;5;0;48;5;0m▄[48;5;0m                      [m
[48;5;0m                   [38;5;232;48;5;0m▄[38;5;52;48;5;0m▄[38;5;233;48;5;232m▄[38;5;0;48;5;0m▄[38;5;52;48;5;232m▄[38;5;88;48;5;1m▄[38;5;0;48;5;0m▄[48;5;0m                      [m
[48;5;0m                 [38;5;0;48;5;0m▄[38;5;52;48;5;232m▄[38;5;88;48;5;52m▄[38;5;232;48;5;52m▄[38;5;0;48;5;0m▄[38;5;233;48;5;232m▄[38;5;124;48;5;124m▄[38;5;52;48;5;88m▄[48;5;0m [38;5;0;48;5;0m▄[48;5;0m                     [m
[48;5;0m                [38;5;0;48;5;0m▄[38;5;232;48;5;232m▄[38;5;233;48;5;52m▄[38;5;1;48;5;232m▄[38;5;52;48;5;233m▄[38;5;232;48;5;233m▄[38;5;233;48;5;1m▄[38;5;232;48;5;52m▄[38;5;0;48;5;0m▄▄[38;5;0;48;5;234m▄[38;5;232;48;5;240m▄[38;5;236;48;5;241m▄[38;5;241;48;5;240m▄[38;5;109;48;5;237m▄[38;5;116;48;5;235m▄[38;5;116;48;5;234m▄[38;5;110;48;5;233m▄[38;5;240;48;5;232m▄[38;5;0;48;5;0m▄[48;5;0m            [m
[48;5;0m               [38;5;232;48;5;0m▄[38;5;1;48;5;0m▄[38;5;124;48;5;52m▄[38;5;88;48;5;88m▄[38;5;233;48;5;1m▄[38;5;0;48;5;232m▄[38;5;232;48;5;232m▄[38;5;1;48;5;232m▄[38;5;52;48;5;52m▄[38;5;0;48;5;0m▄▄[38;5;0;48;5;232m▄[38;5;232;48;5;233m▄[38;5;1;48;5;232m▄[38;5;52;48;5;0m▄[38;5;232;48;5;233m▄[38;5;232;48;5;237m▄[38;5;0;48;5;66m▄[38;5;239;48;5;116m▄[38;5;116;48;5;110m▄[38;5;109;48;5;235m▄[38;5;235;48;5;0m▄[38;5;0;48;5;0m▄[48;5;0m          [m
[48;5;0m            [38;5;232;48;5;0m▄[38;5;52;48;5;232m▄[38;5;232;48;5;232m▄[38;5;232;48;5;233m▄[38;5;124;48;5;124m▄[38;5;1;48;5;124m▄[38;5;232;48;5;52m▄[38;5;232;48;5;0m▄[38;5;1;48;5;232m▄[38;5;124;48;5;88m▄[38;5;1;48;5;124m▄[38;5;232;48;5;52m▄[48;5;0m   [38;5;0;48;5;0m▄[38;5;232;48;5;234m▄[38;5;245;48;5;95m▄[38;5;152;48;5;95m▄[38;5;109;48;5;234m▄[38;5;235;48;5;232m▄[38;5;52;48;5;232m▄[38;5;232;48;5;239m▄[38;5;237;48;5;110m▄[38;5;116;48;5;110m▄[38;5;152;48;5;59m▄[38;5;67;48;5;233m▄[38;5;233;48;5;0m▄[48;5;0m        [m
[48;5;0m       [38;5;232;48;5;0m▄[38;5;236;48;5;0m▄[38;5;232;48;5;0m▄[38;5;233;48;5;0m▄[38;5;88;48;5;232m▄[38;5;124;48;5;124m▄[38;5;233;48;5;1m▄[38;5;1;48;5;233m▄[38;5;52;48;5;233m▄[38;5;232;48;5;1m▄[38;5;232;48;5;232m▄[38;5;52;48;5;232m▄[38;5;232;48;5;232m▄[38;5;233;48;5;1m▄[38;5;232;48;5;52m▄[38;5;0;48;5;232m▄[48;5;0m     [38;5;232;48;5;0m▄[38;5;0;48;5;233m▄[38;5;232;48;5;95m▄[38;5;52;48;5;132m▄[38;5;234;48;5;239m▄[38;5;254;48;5;131m▄[38;5;131;48;5;52m▄[38;5;1;48;5;232m▄[38;5;233;48;5;236m▄[38;5;237;48;5;110m▄[38;5;152;48;5;195m▄[38;5;195;48;5;152m▄[38;5;109;48;5;237m▄[38;5;233;48;5;0m▄[48;5;0m      [m
[48;5;0m      [38;5;236;48;5;0m▄[38;5;243;48;5;239m▄[38;5;232;48;5;235m▄[38;5;52;48;5;232m▄[38;5;1;48;5;88m▄[38;5;88;48;5;124m▄[38;5;1;48;5;124m▄[38;5;52;48;5;233m▄[38;5;88;48;5;88m▄[38;5;124;48;5;88m▄[38;5;232;48;5;0m▄[38;5;52;48;5;232m▄[38;5;88;48;5;88m▄[38;5;232;48;5;232m▄[38;5;0;48;5;0m▄[48;5;0m       [38;5;0;48;5;234m▄[38;5;241;48;5;234m▄[38;5;236;48;5;0m▄[38;5;0;48;5;232m▄▄[38;5;234;48;5;250m▄[38;5;248;48;5;254m▄[38;5;248;48;5;131m▄[38;5;236;48;5;1m▄[38;5;52;48;5;233m▄[38;5;236;48;5;242m▄[38;5;116;48;5;152m▄[38;5;116;48;5;116m▄[38;5;66;48;5;237m▄[38;5;0;48;5;0m▄[48;5;0m     [m
[48;5;0m    [38;5;232;48;5;0m▄[38;5;109;48;5;236m▄[38;5;66;48;5;109m▄[38;5;232;48;5;236m▄[38;5;52;48;5;232m▄[38;5;52;48;5;1m▄[38;5;52;48;5;52m▄[38;5;232;48;5;1m▄[38;5;232;48;5;233m▄[38;5;1;48;5;1m▄[48;5;124m [38;5;160;48;5;124m▄[38;5;52;48;5;233m▄[38;5;0;48;5;232m▄[38;5;52;48;5;88m▄[38;5;232;48;5;232m▄[48;5;0m         [38;5;0;48;5;232m▄[38;5;234;48;5;66m▄[38;5;109;48;5;240m▄[38;5;242;48;5;233m▄[38;5;233;48;5;88m▄[38;5;1;48;5;1m▄[38;5;237;48;5;237m▄[38;5;152;48;5;249m▄[38;5;88;48;5;88m▄[38;5;52;48;5;233m▄[38;5;242;48;5;109m▄[38;5;73;48;5;74m▄[38;5;67;48;5;74m▄[38;5;66;48;5;234m▄[38;5;0;48;5;0m▄[48;5;0m    [m
[48;5;0m   [38;5;0;48;5;0m▄[38;5;243;48;5;237m▄[38;5;110;48;5;152m▄[38;5;232;48;5;235m▄[38;5;232;48;5;232m▄[38;5;52;48;5;52m▄▄[38;5;52;48;5;232m▄[38;5;1;48;5;232m▄[38;5;1;48;5;1m▄[38;5;52;48;5;233m▄[38;5;52;48;5;88m▄[38;5;124;48;5;160m▄[38;5;124;48;5;88m▄[38;5;1;48;5;232m▄[38;5;232;48;5;232m▄[38;5;0;48;5;232m▄[48;5;0m          [38;5;232;48;5;0m▄[38;5;233;48;5;240m▄[38;5;67;48;5;152m▄[38;5;152;48;5;243m▄[38;5;240;48;5;233m▄[38;5;52;48;5;52m▄[38;5;1;48;5;247m▄[38;5;1;48;5;1m▄[38;5;52;48;5;1m▄[38;5;238;48;5;236m▄[38;5;242;48;5;66m▄[38;5;240;48;5;66m▄[38;5;74;48;5;110m▄[38;5;109;48;5;239m▄[38;5;233;48;5;0m▄[48;5;0m   [m
[48;5;0m   [38;5;234;48;5;233m▄[38;5;152;48;5;109m▄[38;5;239;48;5;66m▄[38;5;232;48;5;232m▄[38;5;1;48;5;232m▄[38;5;232;48;5;52m▄[38;5;52;48;5;52m▄▄[38;5;1;48;5;1m▄[48;5;52m [38;5;52;48;5;52m▄[38;5;52;48;5;232m▄[38;5;232;48;5;52m▄[38;5;52;48;5;124m▄[38;5;88;48;5;124m▄[38;5;124;48;5;88m▄[38;5;1;48;5;232m▄[38;5;232;48;5;0m▄[38;5;0;48;5;0m▄[48;5;0m    [38;5;232;48;5;0m▄[38;5;233;48;5;0m▄[38;5;88;48;5;232m▄[38;5;88;48;5;52m▄[38;5;233;48;5;52m▄[38;5;52;48;5;233m▄[38;5;232;48;5;237m▄[38;5;67;48;5;116m▄[38;5;152;48;5;109m▄[38;5;237;48;5;234m▄[38;5;52;48;5;52m▄[38;5;88;48;5;88m▄[38;5;232;48;5;52m▄[38;5;109;48;5;66m▄[38;5;242;48;5;241m▄[38;5;73;48;5;238m▄[38;5;73;48;5;116m▄[38;5;236;48;5;60m▄[38;5;233;48;5;232m▄[48;5;0m   [m
[48;5;0m   [38;5;239;48;5;236m▄[38;5;116;48;5;116m▄[38;5;235;48;5;235m▄[38;5;232;48;5;232m▄[38;5;124;48;5;124m▄[38;5;88;48;5;88m▄[38;5;233;48;5;232m▄[38;5;52;48;5;1m▄[38;5;1;48;5;1m▄[38;5;1;48;5;52m▄[38;5;52;48;5;52m▄▄[38;5;52;48;5;232m▄[38;5;1;48;5;52m▄[38;5;88;48;5;232m▄[38;5;52;48;5;52m▄[38;5;232;48;5;88m▄[38;5;88;48;5;1m▄[38;5;124;48;5;52m▄[38;5;88;48;5;52m▄▄[38;5;88;48;5;233m▄[38;5;124;48;5;233m▄▄[38;5;124;48;5;52m▄[38;5;88;48;5;52m▄[38;5;233;48;5;233m▄[38;5;1;48;5;52m▄[38;5;1;48;5;1m▄[38;5;52;48;5;52m▄[38;5;233;48;5;236m▄[38;5;110;48;5;152m▄[38;5;153;48;5;109m▄[38;5;237;48;5;232m▄[38;5;52;48;5;1m▄[38;5;240;48;5;235m▄[38;5;152;48;5;116m▄[38;5;110;48;5;110m▄[38;5;236;48;5;73m▄[38;5;60;48;5;236m▄[38;5;66;48;5;60m▄[38;5;234;48;5;233m▄[48;5;0m   [m
[48;5;0m   [38;5;66;48;5;59m▄[38;5;116;48;5;116m▄[38;5;241;48;5;238m▄[38;5;233;48;5;232m▄[38;5;124;48;5;124m▄[38;5;52;48;5;52m▄[38;5;88;48;5;1m▄[38;5;52;48;5;52m▄[38;5;52;48;5;232m▄[38;5;52;48;5;1m▄▄[38;5;233;48;5;52m▄[38;5;52;48;5;52m▄▄▄[38;5;52;48;5;88m▄[38;5;1;48;5;52m▄[38;5;1;48;5;232m▄[38;5;233;48;5;52m▄[38;5;232;48;5;1m▄[38;5;52;48;5;1m▄▄▄▄[38;5;52;48;5;52m▄▄[38;5;52;48;5;233m▄[38;5;52;48;5;232m▄[38;5;52;48;5;1m▄[38;5;52;48;5;52m▄[38;5;233;48;5;233m▄[38;5;109;48;5;67m▄[38;5;159;48;5;159m▄[38;5;254;48;5;109m▄[38;5;110;48;5;235m▄[38;5;116;48;5;109m▄[38;5;66;48;5;116m▄[38;5;234;48;5;59m▄[38;5;232;48;5;232m▄[38;5;66;48;5;67m▄[38;5;67;48;5;67m▄[38;5;234;48;5;233m▄[48;5;0m   [m
[48;5;0m   [38;5;241;48;5;66m▄[38;5;116;48;5;116m▄[38;5;110;48;5;67m▄[38;5;232;48;5;233m▄[38;5;52;48;5;1m▄[38;5;52;48;5;52m▄[38;5;52;48;5;1m▄[38;5;232;48;5;52m▄▄▄[38;5;233;48;5;232m▄▄[38;5;233;48;5;52m▄[38;5;1;48;5;232m▄[38;5;88;48;5;232m▄▄▄[38;5;124;48;5;232m▄▄[38;5;52;48;5;232m▄[38;5;232;48;5;232m▄[38;5;52;48;5;232m▄[38;5;124;48;5;232m▄▄▄[38;5;88;48;5;232m▄▄[38;5;1;48;5;52m▄[38;5;52;48;5;52m▄[38;5;233;48;5;232m▄[38;5;233;48;5;233m▄[38;5;116;48;5;109m▄[38;5;159;48;5;159m▄[38;5;153;48;5;195m▄[38;5;110;48;5;116m▄[38;5;237;48;5;73m▄[38;5;232;48;5;233m▄[38;5;52;48;5;52m▄[38;5;235;48;5;232m▄[38;5;110;48;5;67m▄[38;5;110;48;5;110m▄[38;5;242;48;5;237m▄[48;5;0m   [m
[48;5;0m   [38;5;232;48;5;234m▄[38;5;66;48;5;73m▄[38;5;74;48;5;110m▄[38;5;109;48;5;236m▄[38;5;235;48;5;233m▄[38;5;88;48;5;52m▄[38;5;124;48;5;1m▄[38;5;124;48;5;88m▄[38;5;124;48;5;124m▄▄▄[38;5;124;48;5;88m▄[38;5;52;48;5;233m▄[38;5;52;48;5;124m▄[38;5;124;48;5;124m▄▄▄[38;5;52;48;5;124m▄[38;5;233;48;5;52m▄[38;5;124;48;5;52m▄[38;5;124;48;5;1m▄[38;5;124;48;5;233m▄[38;5;52;48;5;52m▄[38;5;52;48;5;124m▄[38;5;124;48;5;124m▄▄▄▄[38;5;52;48;5;88m▄[38;5;52;48;5;232m▄[38;5;237;48;5;235m▄[38;5;116;48;5;116m▄[38;5;153;48;5;153m▄[38;5;73;48;5;116m▄[38;5;60;48;5;67m▄[38;5;234;48;5;234m▄[38;5;124;48;5;52m▄[38;5;52;48;5;233m▄[38;5;245;48;5;240m▄[38;5;152;48;5;116m▄[38;5;67;48;5;116m▄[38;5;235;48;5;66m▄[38;5;0;48;5;0m▄[48;5;0m  [m
[48;5;0m    [38;5;242;48;5;239m▄[38;5;254;48;5;110m▄[38;5;116;48;5;110m▄[38;5;110;48;5;67m▄[38;5;234;48;5;234m▄[38;5;52;48;5;124m▄[38;5;1;48;5;124m▄[38;5;88;48;5;124m▄[38;5;124;48;5;124m▄▄▄[38;5;124;48;5;88m▄[38;5;1;48;5;52m▄[38;5;52;48;5;88m▄[38;5;88;48;5;124m▄[38;5;52;48;5;1m▄[38;5;88;48;5;232m▄[38;5;124;48;5;88m▄[38;5;124;48;5;124m▄▄▄[38;5;124;48;5;88m▄[38;5;124;48;5;232m▄[38;5;52;48;5;52m▄[38;5;52;48;5;124m▄[38;5;88;48;5;124m▄[38;5;233;48;5;1m▄[38;5;88;48;5;52m▄[38;5;233;48;5;52m▄[38;5;103;48;5;241m▄[38;5;152;48;5;116m▄[38;5;67;48;5;110m▄[38;5;67;48;5;67m▄[38;5;239;48;5;240m▄[38;5;52;48;5;52m▄[38;5;52;48;5;124m▄[38;5;237;48;5;234m▄[38;5;66;48;5;73m▄[38;5;24;48;5;67m▄[38;5;232;48;5;237m▄[38;5;0;48;5;0m▄[48;5;0m   [m
[48;5;0m   [38;5;0;48;5;0m▄[38;5;237;48;5;60m▄[38;5;67;48;5;110m▄[38;5;67;48;5;74m▄[38;5;74;48;5;110m▄[38;5;60;48;5;236m▄[38;5;232;48;5;232m▄[38;5;52;48;5;232m▄▄▄[38;5;52;48;5;233m▄[38;5;52;48;5;232m▄[38;5;52;48;5;233m▄▄[38;5;232;48;5;232m▄[38;5;232;48;5;233m▄[38;5;233;48;5;52m▄[38;5;52;48;5;1m▄▄▄▄▄▄▄[38;5;233;48;5;1m▄[38;5;232;48;5;233m▄[38;5;232;48;5;232m▄[38;5;52;48;5;233m▄[38;5;232;48;5;233m▄[38;5;109;48;5;236m▄[38;5;152;48;5;152m▄[38;5;253;48;5;152m▄[38;5;67;48;5;67m▄[38;5;73;48;5;67m▄[38;5;239;48;5;239m▄[38;5;232;48;5;232m▄[38;5;67;48;5;234m▄[38;5;67;48;5;66m▄[38;5;239;48;5;67m▄[38;5;0;48;5;233m▄[48;5;0m     [m
[48;5;0m    [38;5;0;48;5;232m▄[38;5;232;48;5;240m▄[38;5;67;48;5;67m▄[38;5;67;48;5;73m▄[38;5;116;48;5;116m▄[38;5;152;48;5;240m▄[38;5;236;48;5;232m▄[38;5;52;48;5;52m▄▄▄▄[38;5;52;48;5;1m▄[38;5;52;48;5;52m▄[38;5;1;48;5;52m▄[38;5;232;48;5;232m▄[38;5;52;48;5;232m▄[38;5;232;48;5;52m▄[38;5;232;48;5;88m▄[38;5;52;48;5;52m▄▄▄▄[38;5;232;48;5;52m▄[38;5;52;48;5;52m▄[38;5;232;48;5;52m▄[38;5;52;48;5;52m▄[38;5;232;48;5;52m▄[38;5;241;48;5;237m▄[38;5;110;48;5;152m▄[38;5;254;48;5;255m▄[38;5;152;48;5;152m▄[38;5;73;48;5;67m▄[38;5;116;48;5;74m▄[38;5;153;48;5;66m▄[38;5;116;48;5;103m▄[38;5;67;48;5;73m▄[38;5;240;48;5;66m▄[38;5;232;48;5;234m▄[48;5;0m      [m
[48;5;0m     [38;5;0;48;5;0m▄[38;5;66;48;5;67m▄[38;5;73;48;5;109m▄[38;5;67;48;5;152m▄▄[38;5;74;48;5;66m▄[38;5;59;48;5;233m▄[38;5;232;48;5;52m▄[38;5;52;48;5;52m▄[38;5;232;48;5;52m▄[38;5;52;48;5;232m▄[38;5;52;48;5;52m▄▄▄▄[38;5;52;48;5;88m▄[38;5;52;48;5;233m▄[38;5;233;48;5;52m▄[38;5;232;48;5;52m▄[38;5;52;48;5;52m▄▄▄▄[38;5;232;48;5;232m▄[38;5;52;48;5;52m▄[38;5;233;48;5;232m▄[38;5;67;48;5;66m▄[38;5;74;48;5;74m▄[38;5;74;48;5;110m▄[38;5;67;48;5;110m▄▄▄[38;5;67;48;5;67m▄▄[38;5;60;48;5;67m▄[38;5;232;48;5;235m▄[48;5;0m       [m
[48;5;0m     [38;5;0;48;5;0m▄[38;5;0;48;5;239m▄[38;5;236;48;5;67m▄[38;5;66;48;5;67m▄[38;5;67;48;5;67m▄▄[38;5;67;48;5;73m▄[38;5;67;48;5;237m▄[38;5;234;48;5;232m▄[38;5;233;48;5;52m▄[38;5;52;48;5;52m▄▄▄▄[38;5;232;48;5;232m▄[38;5;232;48;5;52m▄[38;5;52;48;5;52m▄▄[38;5;52;48;5;233m▄[38;5;52;48;5;232m▄[38;5;232;48;5;232m▄[38;5;232;48;5;52m▄[38;5;232;48;5;232m▄[38;5;52;48;5;232m▄[38;5;233;48;5;52m▄[38;5;238;48;5;234m▄[38;5;110;48;5;110m▄[38;5;67;48;5;74m▄[38;5;67;48;5;67m▄▄▄▄▄[38;5;237;48;5;67m▄[38;5;0;48;5;234m▄[48;5;0m        [m
[48;5;0m        [38;5;0;48;5;232m▄[38;5;0;48;5;237m▄[38;5;233;48;5;60m▄[38;5;66;48;5;73m▄[38;5;116;48;5;110m▄[38;5;74;48;5;67m▄[38;5;67;48;5;23m▄[38;5;66;48;5;237m▄[38;5;67;48;5;234m▄[38;5;242;48;5;232m▄[38;5;234;48;5;52m▄[38;5;232;48;5;52m▄[38;5;232;48;5;232m▄[38;5;52;48;5;52m▄▄▄[38;5;232;48;5;52m▄▄[38;5;232;48;5;232m▄[38;5;235;48;5;232m▄[38;5;73;48;5;235m▄[38;5;74;48;5;66m▄[38;5;74;48;5;110m▄[38;5;73;48;5;67m▄[38;5;74;48;5;67m▄[38;5;67;48;5;67m▄▄[38;5;238;48;5;67m▄[38;5;232;48;5;60m▄[38;5;0;48;5;234m▄[38;5;0;48;5;0m▄[48;5;0m         [m
[48;5;0m           [38;5;0;48;5;232m▄[38;5;0;48;5;60m▄[38;5;234;48;5;73m▄[38;5;239;48;5;74m▄[38;5;66;48;5;73m▄[38;5;73;48;5;67m▄[38;5;67;48;5;67m▄[38;5;67;48;5;116m▄[38;5;73;48;5;66m▄[38;5;73;48;5;235m▄[38;5;67;48;5;233m▄[38;5;67;48;5;235m▄[38;5;67;48;5;237m▄[38;5;67;48;5;239m▄[38;5;238;48;5;240m▄[38;5;67;48;5;235m▄[38;5;116;48;5;109m▄[38;5;152;48;5;74m▄[38;5;110;48;5;110m▄[38;5;109;48;5;74m▄[38;5;246;48;5;74m▄[38;5;240;48;5;74m▄[38;5;233;48;5;67m▄[38;5;0;48;5;235m▄[38;5;0;48;5;0m▄[48;5;0m            [m
[48;5;0m              [38;5;0;48;5;0m▄[38;5;0;48;5;233m▄[38;5;0;48;5;236m▄[38;5;0;48;5;66m▄[38;5;234;48;5;73m▄[38;5;237;48;5;67m▄[38;5;234;48;5;67m▄[38;5;232;48;5;67m▄[38;5;0;48;5;66m▄[38;5;0;48;5;60m▄[38;5;0;48;5;237m▄[38;5;232;48;5;66m▄[38;5;0;48;5;109m▄[38;5;0;48;5;66m▄[38;5;0;48;5;238m▄[38;5;0;48;5;235m▄[38;5;0;48;5;234m▄[38;5;0;48;5;232m▄[38;5;0;48;5;0m▄[48;5;0m               [m
[48;5;0m                                                [m
[1;31m _____          _                                  _        __    ___ _                 _              _ _  __     _        ___         ___  
/__   \___  ___| |_ __ _ _ __ ___  _   _ _ __   __| |___   / /   / __\ | ___   ___   __| |_      _____| | | \ \   / |      / _ \       / _ \ 
  / /\/ _ \/ __| __/ _` | '__/ _ \| | | | '_ \ / _` / __| | |   /__\// |/ _ \ / _ \ / _` \ \ /\ / / _ \ | |  | |  | |     | | | |     | | | |
 / / |  __/\__ \ || (_| | | | (_) | |_| | | | | (_| \__ \ | |  / \/  \ | (_) | (_) | (_| |\ V  V /  __/ | |  | |  | |  _  | |_| |  _  | |_| |
 \/   \___||___/\__\__, |_|  \___/ \__,_|_| |_|\__,_|___/ | |  \_____/_|\___/ \___/ \__,_| \_/\_/ \___|_|_|  | |  |_| (_)  \___/  (_)  \___/ 
                   |___/                                   \_\                                              /_/                              [0m
